1	87
1	112
1	983
2	391
2	656
2	729
3	1016
3	1017
3	1018
4	1019
4	1023
4	1024
5	683
5	722
5	885
6	310
6	514
6	998
7	111
7	415
7	435
8	993
8	1007
8	1008
9	10
9	32
9	761
10	9
10	32
10	939
11	903
11	919
11	964
12	999
12	1010
12	1013
13	1019
13	1023
13	1024
14	533
14	781
14	830
15	820
15	981
15	982
16	28
16	294
16	793
17	24
17	305
17	486
18	772
18	791
18	824
19	388
19	871
19	892
20	177
20	322
20	970
21	179
21	385
21	586
22	266
22	880
22	934
23	1001
23	1005
23	1015
24	17
24	469
24	486
25	60
25	237
25	276
26	178
26	706
26	749
27	554
27	814
27	849
28	16
28	294
28	296
29	806
29	957
29	992
30	954
30	966
30	978
31	1021
31	1022
31	1024
32	9
32	10
32	994
33	1016
33	1017
33	1018
34	989
34	992
34	995
35	162
35	286
35	502
36	95
36	773
36	841
37	311
37	418
37	458
38	811
38	926
38	960
39	815
39	854
39	934
40	480
40	483
40	518
41	398
41	804
41	878
42	140
42	666
42	694
43	822
43	839
43	852
44	716
44	987
44	1014
45	628
45	720
45	760
46	107
46	470
46	697
47	1001
47	1009
47	1015
48	736
48	818
48	959
49	218
49	380
49	567
50	811
50	842
50	960
51	974
51	978
51	995
52	854
52	985
52	1014
53	993
53	1007
53	1008
54	366
54	369
54	601
55	831
55	1009
55	1015
56	774
56	780
56	970
57	998
57	1004
57	1015
58	979
58	1007
58	1008
59	855
59	959
59	1002
60	25
60	94
60	276
61	711
61	894
61	913
62	889
62	1003
62	1013
63	113
63	862
63	940
64	905
64	1009
64	1015
65	914
65	962
65	978
66	685
66	1005
66	1015
67	117
67	487
67	697
68	576
68	977
68	1008
69	789
69	845
69	868
70	206
70	714
70	830
71	652
71	942
71	968
72	1019
72	1023
72	1024
73	1019
73	1023
73	1024
74	630
74	833
74	970
75	1019
75	1023
75	1024
76	714
76	781
76	830
77	162
77	286
77	502
78	722
78	786
78	885
79	1016
79	1017
79	1018
80	220
80	960
80	969
81	317
81	700
81	702
82	111
82	194
82	292
83	807
83	894
83	913
84	987
84	996
84	1014
85	928
85	985
85	1014
86	855
86	915
86	1002
87	1
87	112
87	788
88	416
88	759
88	968
89	347
89	825
89	864
90	699
90	912
90	941
91	633
91	706
91	749
92	640
92	829
92	875
93	622
93	798
93	880
94	60
94	462
94	610
95	36
95	636
95	989
96	789
96	799
96	868
97	915
97	997
97	1010
98	811
98	926
98	960
99	740
99	834
99	918
100	914
100	974
100	978
101	636
101	709
101	841
102	121
102	401
102	970
103	842
103	870
103	960
104	866
104	892
104	929
105	1001
105	1005
105	1015
106	1019
106	1023
106	1024
107	46
107	232
107	697
108	993
108	1007
108	1008
109	948
109	966
109	982
110	1019
110	1023
110	1024
111	7
111	82
111	194
112	1
112	87
112	1019
113	63
113	862
113	877
114	727
114	737
114	842
115	825
115	864
115	927
116	591
116	729
116	925
117	67
117	470
117	697
118	428
118	709
118	841
119	323
119	413
119	657
120	1016
120	1017
120	1018
121	102
121	712
121	970
122	368
122	700
122	702
123	995
123	1021
123	1022
124	912
124	916
124	941
125	897
125	992
125	995
126	938
126	985
126	987
127	198
127	780
127	970
128	932
128	939
128	962
129	839
129	852
129	1008
130	873
130	916
130	941
131	593
131	923
131	932
132	948
132	981
132	982
133	1020
133	1021
133	1022
134	962
134	1023
134	1024
135	659
135	746
135	911
136	831
136	894
136	913
137	346
137	786
137	885
138	393
138	1023
138	1024
139	725
139	1006
139	1010
140	42
140	644
140	666
141	834
141	932
141	987
142	882
142	1023
142	1024
143	755
143	871
143	929
144	526
144	545
144	836
145	1005
145	1009
145	1015
146	721
146	885
146	893
147	1016
147	1017
147	1018
148	910
148	948
148	968
149	230
149	811
149	960
150	293
150	825
150	927
151	860
151	884
151	1010
152	778
152	798
152	934
153	464
153	979
153	1008
154	994
154	1006
154	1010
155	732
155	932
155	939
156	867
156	869
156	964
157	780
157	833
157	970
158	852
158	1006
158	1010
159	802
159	989
159	992
160	511
160	589
160	691
161	966
161	981
161	986
162	35
162	77
162	502
163	867
163	919
163	935
164	773
164	841
164	976
165	511
165	543
165	691
166	623
166	1007
166	1008
167	390
167	431
168	645
168	814
168	849
169	542
169	659
169	746
170	304
170	484
170	531
171	1020
171	1021
171	1022
172	300
172	374
172	592
173	503
173	768
173	822
174	1001
174	1004
174	1015
175	835
175	966
175	982
176	810
176	954
176	978
177	20
177	833
177	970
178	26
178	693
178	749
179	21
179	356
179	586
180	902
180	963
180	989
181	305
181	469
181	486
182	382
182	673
182	680
183	713
183	815
183	854
184	338
184	342
184	997
185	528
185	683
185	885
186	1020
186	1021
186	1022
187	887
187	989
187	995
188	948
188	966
188	982
189	954
189	960
189	978
190	338
190	342
190	410
191	751
191	791
191	824
192	767
192	839
192	852
193	981
193	982
193	986
194	82
194	111
194	435
195	987
195	1023
195	1024
196	896
196	915
196	953
197	770
197	863
197	914
198	127
198	833
198	970
199	993
199	1007
199	1008
200	988
200	1017
200	1018
201	979
201	1017
201	1018
202	317
202	700
202	702
203	656
203	729
203	956
204	834
204	875
204	923
205	617
205	1020
205	1022
206	70
206	289
206	610
207	619
207	693
207	706
208	936
208	996
208	1014
209	1008
209	1009
209	1015
210	1003
210	1023
210	1024
211	325
211	942
211	968
212	990
212	1006
212	1010
213	360
213	390
213	431
214	997
214	1006
214	1010
215	639
215	1003
215	1013
216	336
216	999
216	1013
217	907
217	1003
217	1013
218	49
218	326
218	980
219	1016
219	1017
219	1018
220	80
220	727
220	756
221	561
221	942
221	968
222	506
222	801
222	927
223	966
223	982
223	986
224	933
224	994
224	1010
225	896
225	959
225	1002
226	1020
226	1021
226	1022
227	750
227	828
227	964
228	721
228	786
228	885
229	606
229	836
229	859
230	149
230	842
230	984
231	334
231	636
231	773
232	107
232	470
232	697
233	990
233	994
233	1010
234	293
234	462
234	610
235	1020
235	1021
235	1022
236	442
236	1003
236	1013
237	25
237	276
238	1005
238	1009
238	1015
239	861
239	1003
239	1013
240	273
240	962
240	978
241	1004
241	1016
241	1017
242	268
242	829
242	901
243	576
243	800
243	964
244	822
244	839
244	852
245	745
245	766
245	968
246	1020
246	1021
246	1022
247	757
247	903
247	935
248	364
248	480
248	483
249	884
249	953
249	1002
250	979
250	993
250	1008
251	447
251	1003
251	1013
252	950
252	996
252	1014
253	1020
253	1021
253	1022
254	889
254	999
254	1013
255	356
255	385
255	586
256	1007
256	1008
256	1014
257	756
257	838
257	940
258	598
258	758
258	809
259	772
259	791
259	824
260	1019
260	1023
260	1024
261	656
261	846
261	862
262	417
262	475
262	601
263	999
263	1003
263	1013
264	919
264	935
264	964
265	994
265	1006
265	1010
266	22
266	748
266	880
267	1004
267	1009
267	1015
268	242
268	700
268	702
269	1016
269	1017
269	1018
270	536
270	751
270	824
271	870
271	926
271	960
272	835
272	948
272	966
273	240
273	863
273	974
274	869
274	919
274	964
275	596
275	940
275	971
276	25
276	60
276	237
277	807
277	894
277	913
278	771
278	818
278	986
279	403
279	414
279	592
280	403
280	414
280	592
281	473
281	589
281	1002
282	957
282	963
282	992
283	854
283	981
283	986
284	759
284	942
284	968
285	772
285	981
285	982
286	35
286	77
286	502
287	529
287	1023
287	1024
288	1016
288	1017
288	1018
289	206
289	462
289	610
290	835
290	910
290	986
291	640
291	918
291	923
292	82
292	415
292	435
293	150
293	234
293	610
294	16
294	28
294	355
295	311
295	458
295	842
296	28
296	801
296	927
297	494
297	673
297	694
298	985
298	987
298	1014
299	912
299	916
299	941
300	172
300	414
300	592
301	326
301	380
301	567
302	855
302	1016
302	1018
303	947
303	953
303	959
304	170
304	395
304	484
304	531
305	17
305	181
305	469
305	486
306	395
306	484
306	531
306	832
307	591
307	656
307	729
307	947
308	755
308	871
308	892
308	929
309	664
309	915
309	953
309	1002
310	6
310	344
310	466
310	514
311	37
311	295
311	418
311	458
312	629
312	766
312	942
312	968
313	940
313	957
313	963
313	995
314	616
314	714
314	781
314	830
315	732
315	829
315	834
315	932
316	472
316	481
316	780
316	970
317	81
317	202
317	700
317	702
318	948
318	981
318	982
318	986
319	884
319	985
319	996
319	1014
320	954
320	962
320	974
320	978
321	521
321	801
321	864
321	927
322	20
322	612
322	630
322	970
323	119
323	345
323	657
323	885
324	686
324	979
324	1007
324	1008
325	211
325	487
325	844
325	968
326	218
326	301
326	380
326	567
327	891
327	989
327	992
327	995
328	491
328	797
328	959
328	1002
329	510
329	795
329	866
329	870
330	683
330	721
330	786
330	885
331	516
331	520
331	542
331	746
332	629
332	756
332	940
332	980
333	645
333	662
333	814
333	849
334	231
334	709
334	773
334	841
335	994
335	997
335	1010
335	1020
336	216
336	487
336	632
336	942
337	990
337	1004
337	1009
337	1015
338	184
338	190
338	342
338	410
339	767
339	1020
339	1021
339	1022
340	665
340	733
340	845
340	932
341	644
341	673
341	680
341	958
342	184
342	190
342	338
342	410
343	935
343	1020
343	1021
343	1022
344	310
344	466
344	514
345	323
345	562
345	657
345	982
346	137
346	665
346	722
346	885
347	89
347	728
347	864
347	927
348	520
348	542
348	659
348	746
349	1012
349	1019
349	1023
349	1024
350	675
350	677
350	776
350	831
351	828
351	871
351	892
351	929
352	728
352	825
352	864
352	927
353	990
353	997
353	1006
353	1010
354	539
354	543
354	589
354	691
355	294
355	805
355	894
355	913
356	179
356	255
356	385
356	586
357	988
357	1016
357	1017
357	1018
358	695
358	987
358	996
358	1014
359	387
359	756
359	877
359	933
360	213
360	390
360	431
360	739
361	977
361	993
361	1007
361	1008
362	970
362	993
362	1007
362	1008
363	748
363	778
363	880
363	934
364	248
364	480
364	483
364	518
365	557
365	561
365	942
365	968
366	54
366	417
366	475
366	601
367	938
367	996
367	1014
367	1020
368	122
368	700
368	702
368	763
369	54
369	475
369	601
369	921
370	730
370	987
370	996
370	1014
371	927
371	997
371	1006
371	1010
372	813
372	820
372	999
372	1013
373	687
373	766
373	942
373	968
374	172
374	403
374	592
374	1001
375	766
375	1019
375	1023
375	1024
376	597
376	933
376	936
376	971
377	422
377	947
377	953
377	1002
378	947
378	953
378	959
378	1002
379	732
379	740
379	829
379	923
380	49
380	301
380	326
380	567
381	657
381	949
381	1007
381	1008
382	182
382	644
382	680
382	694
383	612
383	731
383	780
383	970
384	1012
384	1019
384	1023
384	1024
385	21
385	255
385	356
385	586
386	784
386	872
386	974
386	978
387	359
387	809
387	890
387	936
388	19
388	688
388	724
388	929
389	990
389	997
389	1006
389	1010
390	167
390	213
390	360
390	431
391	2
391	591
391	656
391	729
392	1004
392	1005
392	1009
392	1015
393	138
393	810
393	954
393	962
394	649
394	720
394	760
394	783
395	304
395	306
395	484
395	531
396	844
396	873
396	916
396	941
397	907
397	961
397	999
397	1013
398	41
398	915
398	947
398	1002
399	950
399	985
399	996
399	1014
400	966
400	1016
400	1017
400	1018
401	102
401	481
401	519
401	970
402	1012
402	1019
402	1023
402	1024
403	279
403	280
403	374
403	586
404	806
404	828
404	935
404	964
405	842
405	926
405	960
405	1013
406	1001
406	1004
406	1005
406	1015
407	534
407	555
407	706
407	749
408	587
408	741
408	804
408	878
409	664
409	999
409	1003
409	1013
410	190
410	338
410	342
410	653
411	961
411	999
411	1003
411	1013
412	649
412	720
412	760
412	961
413	119
413	422
413	562
413	657
414	279
414	280
414	300
414	592
415	7
415	292
415	435
415	718
416	88
416	766
416	942
416	968
417	262
417	366
417	475
417	601
418	37
418	311
418	458
419	456
419	737
419	926
419	960
420	1011
420	1020
420	1021
420	1022
421	451
421	936
421	971
421	979
422	377
422	413
422	562
422	657
423	977
423	993
423	1007
423	1008
424	467
424	818
424	827
424	859
425	787
425	944
425	999
425	1013
426	1011
426	1020
426	1021
426	1022
427	534
427	661
427	726
427	745
428	118
428	726
428	818
428	836
429	699
429	905
429	947
429	1002
430	575
430	759
430	942
430	987
431	167
431	213
431	360
431	390
432	839
432	904
432	935
432	964
433	498
433	795
433	866
433	878
434	711
434	805
434	831
434	913
435	7
435	194
435	292
435	415
436	832
436	948
436	966
436	986
437	925
437	985
437	996
437	1014
438	742
438	1020
438	1021
438	1022
439	949
439	977
439	979
439	1007
440	977
440	979
440	993
440	1008
441	512
441	751
441	772
441	791
442	236
442	944
442	999
442	1013
443	559
443	1005
443	1009
443	1015
444	512
444	751
444	772
444	824
445	500
445	785
445	890
445	940
446	737
446	870
446	926
446	960
447	251
447	990
447	1006
447	1010
448	705
448	834
448	892
448	929
449	644
449	889
449	1003
449	1013
450	597
450	987
450	996
450	1014
451	421
451	846
451	933
451	936
452	621
452	649
452	720
452	760
453	1011
453	1020
453	1021
453	1022
454	701
454	733
454	799
454	868
455	632
455	874
455	942
455	968
456	419
456	926
456	956
456	960
457	843
457	950
457	1014
457	1017
458	37
458	295
458	311
458	418
459	1011
459	1020
459	1021
459	1022
460	698
460	820
460	1003
460	1013
461	811
461	870
461	960
461	1005
462	94
462	234
462	289
462	610
463	709
463	773
463	841
463	960
464	153
464	914
464	962
464	974
465	826
465	912
465	916
465	941
466	310
466	344
466	514
467	424
467	1016
467	1017
467	1018
468	566
468	954
468	974
468	978
469	24
469	181
469	305
469	486
470	46
470	117
470	232
470	697
471	1000
471	1012
471	1019
471	1023
471	1024
472	316
472	575
472	759
472	942
472	968
473	281
473	905
473	959
473	1002
473	1004
474	817
474	834
474	851
474	923
474	939
475	262
475	366
475	369
475	417
475	601
476	1000
476	1012
476	1019
476	1023
476	1024
477	998
477	1001
477	1004
477	1005
477	1009
478	633
478	693
478	706
478	749
478	1013
479	705
479	755
479	871
479	892
479	929
480	40
480	248
480	364
480	483
480	518
481	316
481	401
481	777
481	833
481	970
482	510
482	795
482	866
482	878
482	1012
483	40
483	248
483	364
483	480
483	518
484	170
484	304
484	306
484	395
484	531
485	811
485	842
485	870
485	926
485	960
486	17
486	24
486	181
486	305
486	469
487	67
487	325
487	336
487	557
487	968
488	616
488	646
488	714
488	781
488	830
489	849
489	872
489	914
489	954
489	962
490	988
490	989
490	1016
490	1017
490	1018
491	328
491	905
491	947
491	959
491	1002
492	590
492	662
492	692
492	814
492	849
493	908
493	948
493	981
493	982
493	986
494	297
494	666
494	673
494	680
494	694
495	914
495	954
495	962
495	974
495	978
496	765
496	826
496	873
496	912
496	941
497	984
497	1011
497	1020
497	1021
497	1022
498	433
498	795
498	804
498	866
498	878
499	519
499	988
499	1016
499	1017
499	1018
500	445
500	827
500	862
500	877
500	971
501	835
501	910
501	966
501	981
501	986
502	35
502	77
502	162
502	286
502	964
503	173
503	988
503	1016
503	1017
503	1018
504	944
504	999
504	1003
504	1013
504	1015
505	850
505	928
505	1016
505	1017
505	1018
506	222
506	801
506	864
506	903
506	927
507	943
507	977
507	993
507	1007
507	1008
508	698
508	953
508	959
508	993
508	1002
509	630
509	731
509	780
509	833
509	970
510	329
510	482
510	804
510	866
510	878
511	160
511	165
511	539
511	543
511	691
512	441
512	444
512	772
512	791
512	824
513	783
513	887
513	902
513	989
513	992
514	6
514	310
514	344
514	466
514	1001
515	949
515	977
515	979
515	993
515	1007
516	331
516	520
516	542
516	659
516	746
517	730
517	901
517	923
517	932
517	939
518	40
518	364
518	480
518	483
518	530
519	401
519	499
519	731
519	833
519	970
520	331
520	348
520	516
520	659
520	746
521	321
521	615
521	728
521	927
521	945
522	991
522	994
522	997
522	1006
522	1010
523	758
523	863
523	890
523	940
523	971
524	984
524	1011
524	1020
524	1021
524	1022
525	771
525	961
525	999
525	1003
525	1013
526	144
526	661
526	726
526	774
526	827
527	617
527	870
527	879
527	926
527	960
528	185
528	721
528	769
528	786
528	885
529	287
529	990
529	994
529	997
529	1010
530	518
530	872
530	954
530	962
530	974
531	170
531	304
531	306
531	395
531	484
532	990
532	994
532	997
532	1006
532	1010
533	14
533	646
533	781
533	830
533	995
534	407
534	427
534	606
534	623
534	774
535	584
535	785
535	933
535	955
535	971
536	270
536	751
536	772
536	791
536	824
537	579
537	631
537	957
537	992
537	995
538	605
538	636
538	709
538	773
538	841
539	354
539	511
539	589
539	691
539	912
540	844
540	912
540	916
540	941
540	1023
541	840
541	914
541	962
541	974
541	978
542	169
542	331
542	348
542	516
542	746
543	165
543	354
543	511
543	589
543	691
544	872
544	962
544	974
544	978
544	1000
545	144
545	774
545	792
545	827
545	859
546	970
546	988
546	1016
546	1017
546	1018
547	977
547	993
547	1007
547	1008
547	1024
548	914
548	954
548	962
548	974
548	978
549	984
549	1011
549	1020
549	1021
549	1022
550	664
550	707
550	732
550	959
550	1002
551	559
551	710
551	816
551	845
551	868
552	752
552	1011
552	1020
552	1021
552	1022
553	717
553	950
553	960
553	985
553	1014
554	27
554	677
554	776
554	894
554	913
555	407
555	633
555	693
555	706
555	749
556	921
556	988
556	1016
556	1017
556	1018
557	365
557	487
557	759
557	953
557	968
558	564
558	622
558	663
558	854
558	934
559	443
559	551
559	816
559	845
559	868
560	835
560	910
560	964
560	981
560	986
561	221
561	365
561	903
561	942
561	968
562	345
562	413
562	422
562	657
562	819
563	822
563	988
563	1016
563	1017
563	1018
564	558
564	739
564	798
564	934
564	1016
565	884
565	938
565	985
565	987
565	1014
566	468
566	602
566	871
566	892
566	929
567	49
567	301
567	326
567	380
567	899
568	944
568	961
568	999
568	1003
568	1013
569	884
569	950
569	987
569	996
569	1014
570	571
570	590
570	814
570	849
570	1014
571	570
571	645
571	675
571	692
571	814
572	627
572	809
572	933
572	936
572	971
573	784
573	863
573	954
573	974
573	978
574	884
574	925
574	950
574	996
574	1014
575	430
575	472
575	759
575	766
575	942
575	968
576	68
576	243
576	904
576	919
576	935
576	964
577	769
577	928
577	1001
577	1016
577	1017
577	1018
578	615
578	728
578	801
578	825
578	861
578	927
579	537
579	794
579	963
579	989
579	992
579	995
580	806
580	865
580	902
580	989
580	992
580	995
581	796
581	855
581	896
581	947
581	953
581	1002
582	879
582	910
582	966
582	981
582	982
582	986
583	908
583	910
583	966
583	981
583	982
583	986
584	535
584	862
584	933
584	936
584	940
584	1011
585	821
585	984
585	1011
585	1020
585	1021
585	1022
586	21
586	179
586	255
586	356
586	385
586	403
587	408
587	696
587	741
587	866
587	878
587	1009
588	761
588	803
588	957
588	989
588	992
588	995
589	160
589	281
589	354
589	539
589	543
589	691
590	492
590	570
590	645
590	692
590	814
590	849
591	116
591	307
591	391
591	656
591	729
591	980
592	172
592	279
592	280
592	300
592	374
592	414
593	131
593	817
593	829
593	880
593	918
593	939
594	991
594	1000
594	1012
594	1019
594	1023
594	1024
595	837
595	893
595	961
595	999
595	1003
595	1013
596	275
596	853
596	988
596	1016
596	1017
596	1018
597	376
597	450
597	598
597	838
597	890
597	940
598	258
598	597
598	629
598	708
598	809
598	846
599	770
599	905
599	915
599	947
599	953
599	1002
600	991
600	1000
600	1012
600	1019
600	1023
600	1024
601	54
601	262
601	366
601	369
601	417
601	475
602	566
602	689
602	871
602	892
602	929
602	938
603	689
603	705
603	724
603	871
603	892
603	929
604	790
604	875
604	901
604	918
604	923
604	939
605	538
605	696
605	741
605	804
605	866
605	878
606	229
606	534
606	623
606	736
606	774
606	859
607	640
607	829
607	918
607	923
607	932
607	1013
608	762
608	874
608	950
608	987
608	996
608	1014
609	855
609	896
609	915
609	953
609	973
609	1002
610	94
610	206
610	234
610	289
610	293
610	462
611	991
611	1000
611	1012
611	1019
611	1023
611	1024
612	322
612	383
612	630
612	731
612	780
612	970
613	750
613	867
613	869
613	903
613	904
613	919
614	998
614	1001
614	1004
614	1009
614	1015
614	1021
615	521
615	578
615	825
615	864
615	927
615	1006
616	314
616	488
616	646
616	714
616	781
616	830
617	205
617	527
617	811
617	870
617	926
617	960
618	768
618	1000
618	1012
618	1019
618	1023
618	1024
619	207
619	708
619	933
619	936
619	940
619	971
620	658
620	893
620	961
620	999
620	1003
620	1013
621	452
621	628
621	649
621	720
621	760
621	957
622	93
622	558
622	663
622	798
622	880
622	934
623	166
623	534
623	606
623	745
623	774
623	818
624	762
624	938
624	985
624	987
624	996
624	1014
625	679
625	767
625	768
625	822
625	839
625	852
626	878
626	1000
626	1012
626	1019
626	1023
626	1024
627	572
627	756
627	838
627	936
627	940
627	956
628	45
628	621
628	649
628	720
628	760
628	982
629	312
629	332
629	598
629	758
629	936
629	971
630	74
630	322
630	509
630	612
630	784
630	970
631	537
631	897
631	963
631	989
631	995
631	1024
632	336
632	455
632	766
632	780
632	942
632	968
633	91
633	478
633	555
633	693
633	706
633	749
634	898
634	906
634	930
634	988
634	1016
634	1017
634	1018
635	762
635	843
635	899
635	950
635	985
635	996
635	1014
636	95
636	101
636	231
636	538
636	709
636	773
636	841
637	973
637	984
637	989
637	1011
637	1020
637	1021
637	1022
638	973
638	984
638	1011
638	1015
638	1020
638	1021
638	1022
639	215
639	679
639	767
639	768
639	822
639	839
639	852
640	92
640	291
640	607
640	829
640	875
640	901
640	918
641	908
641	910
641	948
641	966
641	981
641	982
641	986
642	976
642	991
642	1000
642	1012
642	1019
642	1023
642	1024
643	929
643	998
643	1001
643	1004
643	1005
643	1009
643	1015
644	140
644	341
644	382
644	449
644	666
644	673
644	680
645	168
645	333
645	571
645	590
645	662
645	692
645	849
646	488
646	533
646	616
646	714
646	781
646	830
646	1022
647	832
647	908
647	948
647	966
647	981
647	982
647	986
648	817
648	881
648	901
648	918
648	923
648	932
648	939
649	394
649	412
649	452
649	621
649	628
649	720
649	760
650	863
650	872
650	914
650	954
650	962
650	974
650	978
651	654
651	757
651	867
651	903
651	904
651	935
651	964
652	71
652	707
652	855
652	896
652	947
652	959
652	1002
653	410
653	730
653	938
653	985
653	987
653	996
653	1014
654	651
654	676
654	833
654	867
654	903
654	904
654	935
655	965
655	973
655	984
655	1011
655	1020
655	1021
655	1022
656	2
656	203
656	261
656	307
656	391
656	591
656	729
657	119
657	323
657	345
657	381
657	413
657	422
657	562
658	620
658	975
658	990
658	994
658	997
658	1006
658	1010
659	135
659	169
659	348
659	516
659	520
659	746
659	1007
660	743
660	794
660	805
660	957
660	989
660	992
660	995
661	427
661	526
661	736
661	774
661	818
661	827
661	859
662	333
662	492
662	645
662	692
662	707
662	814
662	849
663	558
663	622
663	674
663	713
663	748
663	880
663	934
664	309
664	409
664	550
664	770
664	905
664	947
664	1002
665	340
665	346
665	710
665	733
665	789
665	816
665	868
666	42
666	140
666	494
666	644
666	673
666	680
666	694
667	937
667	998
667	1001
667	1004
667	1005
667	1009
667	1015
668	965
668	973
668	984
668	1011
668	1020
668	1021
668	1022
669	962
669	975
669	990
669	994
669	997
669	1006
669	1010
670	695
670	874
670	925
670	938
670	985
670	987
670	1014
671	753
671	844
671	873
671	912
671	916
671	941
671	948
672	949
672	958
672	977
672	979
672	993
672	1007
672	1008
673	182
673	297
673	341
673	494
673	644
673	666
673	694
674	663
674	713
674	739
674	778
674	815
674	880
674	934
675	350
675	571
675	776
675	805
675	831
675	894
675	913
676	654
676	828
676	867
676	903
676	919
676	959
676	964
677	350
677	554
677	773
677	805
677	807
677	894
677	913
678	792
678	908
678	966
678	981
678	982
678	986
678	1021
679	625
679	639
679	767
679	768
679	822
679	839
679	852
680	182
680	341
680	382
680	494
680	644
680	666
680	694
681	965
681	973
681	984
681	1011
681	1020
681	1021
681	1022
682	965
682	973
682	984
682	1011
682	1020
682	1021
682	1022
683	5
683	185
683	330
683	721
683	722
683	786
683	885
684	785
684	813
684	907
684	961
684	999
684	1003
684	1013
685	66
685	900
685	921
685	988
685	1016
685	1017
685	1018
686	324
686	998
686	1001
686	1004
686	1005
686	1009
686	1015
687	373
687	1001
687	1004
687	1005
687	1009
687	1015
687	1023
688	388
688	991
688	1000
688	1012
688	1019
688	1023
688	1024
689	602
689	603
689	705
689	724
689	755
689	929
689	931
690	976
690	991
690	1000
690	1012
690	1019
690	1023
690	1024
691	160
691	165
691	354
691	511
691	539
691	543
691	589
692	492
692	571
692	590
692	645
692	662
692	814
692	849
693	178
693	207
693	478
693	555
693	633
693	706
693	749
694	42
694	297
694	382
694	494
694	666
694	673
694	680
695	358
695	670
695	860
695	884
695	985
695	996
695	1014
696	587
696	605
696	741
696	795
696	804
696	866
696	878
697	46
697	67
697	107
697	117
697	232
697	470
697	996
698	460
698	508
698	770
698	896
698	905
698	947
698	953
698	1002
699	90
699	429
699	763
699	765
699	873
699	912
699	916
699	941
700	81
700	122
700	202
700	268
700	317
700	368
700	702
700	986
701	454
701	733
701	789
701	799
701	816
701	845
701	868
701	963
702	81
702	122
702	202
702	268
702	317
702	368
702	700
702	843
703	787
703	837
703	861
703	907
703	944
703	999
703	1003
703	1013
704	856
704	983
704	998
704	1001
704	1004
704	1005
704	1009
704	1015
705	448
705	479
705	603
705	689
705	871
705	892
705	926
705	929
706	26
706	91
706	207
706	407
706	478
706	555
706	633
706	693
707	550
707	652
707	662
707	905
707	915
707	953
707	959
707	1002
708	598
708	619
708	838
708	877
708	933
708	936
708	940
708	971
709	101
709	118
709	334
709	463
709	538
709	636
709	773
709	841
710	551
710	665
710	733
710	789
710	799
710	816
710	845
710	925
711	61
711	434
711	776
711	805
711	807
711	831
711	894
711	913
712	121
712	821
712	906
712	930
712	988
712	1016
712	1017
712	1018
713	183
713	663
713	674
713	748
713	778
713	815
713	854
713	934
714	70
714	76
714	314
714	488
714	616
714	646
714	781
714	830
715	949
715	958
715	977
715	979
715	993
715	1007
715	1008
715	1018
716	44
716	847
716	860
716	925
716	985
716	987
716	996
716	1014
717	553
717	874
717	884
717	925
717	950
717	987
717	1014
717	1021
718	415
718	874
718	925
718	938
718	950
718	985
718	996
718	1014
719	754
719	976
719	991
719	1000
719	1012
719	1019
719	1023
719	1024
720	45
720	394
720	412
720	452
720	621
720	628
720	649
720	760
721	146
721	228
721	330
721	528
721	683
721	722
721	786
721	885
722	5
722	78
722	346
722	683
722	721
722	786
722	885
722	986
723	820
723	965
723	973
723	984
723	1011
723	1020
723	1021
723	1022
724	388
724	603
724	689
724	755
724	824
724	871
724	892
724	929
725	139
725	890
725	991
725	1000
725	1012
725	1019
725	1023
725	1024
726	427
726	428
726	526
726	745
726	818
726	827
726	836
726	859
727	114
727	220
727	737
727	842
727	851
727	870
727	926
727	960
728	347
728	352
728	521
728	578
728	801
728	825
728	864
728	927
729	2
729	116
729	203
729	307
729	391
729	591
729	656
729	738
730	370
730	517
730	653
730	874
730	950
730	985
730	987
730	1014
731	383
731	509
731	519
731	612
731	833
731	846
731	970
731	1020
732	155
732	315
732	379
732	550
732	764
732	901
732	918
732	939
733	340
733	454
733	665
733	701
733	710
733	799
733	816
733	868
733	1012
734	934
734	967
734	976
734	991
734	1000
734	1012
734	1019
734	1023
734	1024
735	978
735	980
735	983
735	998
735	1001
735	1004
735	1005
735	1009
735	1015
736	48
736	606
736	661
736	745
736	774
736	827
736	836
736	848
736	859
737	114
737	419
737	446
737	727
737	811
737	870
737	926
737	953
737	960
738	729
738	969
738	972
738	975
738	990
738	994
738	997
738	1006
738	1010
739	360
739	564
739	674
739	748
739	798
739	815
739	854
739	880
739	934
740	99
740	379
740	790
740	817
740	851
740	901
740	932
740	939
740	987
741	408
741	587
741	605
741	696
741	795
741	804
741	866
741	878
741	902
742	438
742	980
742	983
742	998
742	1001
742	1004
742	1005
742	1009
742	1015
743	660
743	847
743	897
743	957
743	963
743	988
743	989
743	992
743	995
744	896
744	951
744	965
744	973
744	984
744	1011
744	1020
744	1021
744	1022
745	245
745	427
745	623
745	726
745	736
745	818
745	827
745	836
745	859
746	135
746	169
746	331
746	348
746	516
746	520
746	542
746	659
746	794
747	887
747	891
747	897
747	902
747	946
747	957
747	963
747	989
747	995
748	266
748	363
748	663
748	713
748	739
748	778
748	815
748	880
748	934
749	26
749	91
749	178
749	407
749	478
749	555
749	633
749	693
749	782
750	227
750	613
750	867
750	869
750	901
750	904
750	919
750	935
750	964
751	191
751	270
751	441
751	444
751	536
751	762
751	772
751	791
751	824
752	552
752	980
752	983
752	998
752	1001
752	1004
752	1005
752	1009
752	1015
753	671
753	755
753	763
753	826
753	844
753	873
753	912
753	916
753	941
754	719
754	898
754	900
754	928
754	930
754	988
754	1016
754	1017
754	1018
755	143
755	308
755	479
755	689
755	724
755	753
755	871
755	892
755	929
756	220
756	257
756	332
756	359
756	627
756	809
756	890
756	940
756	971
757	247
757	651
757	800
757	903
757	904
757	919
757	923
757	935
757	964
758	258
758	523
758	629
758	838
758	846
758	862
758	877
758	883
758	971
759	88
759	284
759	430
759	472
759	557
759	575
759	840
759	942
759	968
760	45
760	394
760	412
760	452
760	621
760	628
760	649
760	720
760	940
761	9
761	588
761	847
761	891
761	957
761	963
761	989
761	992
761	995
762	608
762	624
762	635
762	751
762	860
762	925
762	938
762	985
762	1014
763	368
763	699
763	753
763	765
763	826
763	844
763	873
763	916
763	941
764	732
764	790
764	817
764	851
764	864
764	875
764	901
764	923
764	939
765	496
765	699
765	763
765	826
765	873
765	911
765	912
765	916
765	941
766	245
766	312
766	373
766	375
766	416
766	575
766	632
766	942
766	968
767	192
767	339
767	625
767	639
767	679
767	768
767	822
767	839
767	852
768	173
768	618
768	625
768	639
768	679
768	767
768	822
768	839
768	852
769	528
769	577
769	900
769	921
769	928
769	930
769	988
769	1016
769	1017
769	1018
770	197
770	599
770	664
770	698
770	896
770	905
770	915
770	947
770	959
770	1002
771	278
771	525
771	792
771	832
771	908
771	910
771	948
771	981
771	982
771	986
772	18
772	259
772	285
772	441
772	444
772	512
772	536
772	751
772	791
772	824
773	36
773	164
773	231
773	334
773	463
773	538
773	636
773	677
773	709
773	841
774	56
774	526
774	534
774	545
774	606
774	623
774	661
774	736
774	836
774	859
775	951
775	952
775	965
775	973
775	984
775	1005
775	1011
775	1020
775	1021
775	1022
776	350
776	554
776	675
776	711
776	805
776	807
776	831
776	857
776	894
776	913
777	481
777	956
777	980
777	983
777	998
777	1001
777	1004
777	1005
777	1009
777	1015
778	152
778	363
778	674
778	713
778	748
778	798
778	854
778	876
778	880
778	934
779	797
779	798
779	813
779	861
779	889
779	893
779	961
779	999
779	1003
779	1013
780	56
780	127
780	157
780	316
780	383
780	509
780	612
780	632
780	833
780	970
781	14
781	76
781	314
781	488
781	533
781	616
781	646
781	714
781	830
781	893
782	749
782	911
782	937
782	949
782	958
782	977
782	979
782	993
782	1007
782	1008
783	394
783	513
783	806
783	887
783	891
783	902
783	963
783	989
783	992
783	995
784	386
784	573
784	630
784	810
784	863
784	872
784	914
784	962
784	974
784	978
785	445
785	535
785	684
785	838
785	846
785	877
785	933
785	936
785	940
785	971
786	78
786	137
786	228
786	330
786	528
786	683
786	721
786	722
786	789
786	885
787	425
787	703
787	861
787	907
787	944
787	961
787	969
787	999
787	1003
787	1013
788	87
788	911
788	937
788	949
788	958
788	977
788	979
788	993
788	1007
788	1008
789	69
789	96
789	665
789	701
789	710
789	786
789	799
789	816
789	845
789	868
790	604
790	740
790	764
790	834
790	875
790	918
790	923
790	932
790	939
790	995
791	18
791	191
791	259
791	441
791	512
791	536
791	751
791	772
791	824
791	889
792	545
792	678
792	771
792	835
792	908
792	910
792	966
792	981
792	982
792	986
793	16
793	911
793	937
793	949
793	958
793	977
793	979
793	993
793	1007
793	1008
794	579
794	660
794	746
794	803
794	887
794	902
794	957
794	989
794	992
794	995
795	329
795	433
795	482
795	498
795	696
795	741
795	804
795	866
795	878
795	921
796	581
796	955
796	969
796	972
796	975
796	990
796	994
796	997
796	1006
796	1010
797	328
797	779
797	889
797	893
797	907
797	944
797	961
797	999
797	1003
797	1013
798	93
798	152
798	564
798	622
798	739
798	778
798	779
798	815
798	854
798	934
799	96
799	454
799	701
799	710
799	733
799	789
799	816
799	845
799	868
799	1010
800	243
800	757
800	828
800	869
800	894
800	903
800	904
800	919
800	935
800	964
801	222
801	296
801	321
801	506
801	578
801	728
801	810
801	825
801	864
801	927
802	159
802	859
802	887
802	891
802	897
802	935
802	957
802	963
802	989
802	992
802	995
803	588
803	794
803	891
803	897
803	902
803	957
803	963
803	977
803	989
803	992
803	995
804	41
804	408
804	498
804	510
804	605
804	696
804	741
804	795
804	866
804	878
804	954
805	355
805	434
805	660
805	675
805	677
805	711
805	776
805	807
805	831
805	894
805	913
806	29
806	404
806	580
806	783
806	847
806	887
806	897
806	963
806	989
806	992
806	995
807	83
807	277
807	677
807	711
807	776
807	805
807	831
807	894
807	913
807	927
807	985
808	865
808	917
808	951
808	952
808	965
808	973
808	984
808	1011
808	1020
808	1021
808	1022
809	258
809	387
809	572
809	598
809	756
809	862
809	877
809	890
809	933
809	936
809	954
810	176
810	393
810	784
810	801
810	863
810	872
810	900
810	954
810	962
810	974
810	978
811	38
811	50
811	98
811	149
811	461
811	485
811	617
811	737
811	842
811	875
811	926
812	849
812	931
812	956
812	980
812	983
812	998
812	1001
812	1004
812	1005
812	1009
812	1015
813	372
813	684
813	779
813	893
813	907
813	944
813	961
813	981
813	999
813	1003
813	1013
814	27
814	168
814	333
814	492
814	570
814	571
814	590
814	662
814	692
814	849
814	999
815	39
815	183
815	674
815	713
815	739
815	748
815	798
815	854
815	880
815	916
815	934
816	551
816	559
816	665
816	701
816	710
816	733
816	789
816	799
816	845
816	868
816	988
817	474
817	593
817	648
817	740
817	764
817	851
817	875
817	918
817	932
817	939
817	975
818	48
818	278
818	424
818	428
818	623
818	661
818	726
818	745
818	827
818	836
818	859
819	562
819	951
819	952
819	965
819	973
819	978
819	984
819	1011
819	1020
819	1021
819	1022
820	15
820	372
820	460
820	723
820	837
820	861
820	893
820	944
820	999
820	1003
820	1013
821	585
821	712
821	853
821	898
821	900
821	928
821	930
821	988
821	1016
821	1017
821	1018
822	43
822	173
822	244
822	563
822	625
822	639
822	679
822	767
822	768
822	839
822	852
823	898
823	900
823	906
823	921
823	928
823	930
823	937
823	988
823	1016
823	1017
823	1018
824	18
824	191
824	259
824	270
824	444
824	512
824	536
824	724
824	751
824	772
824	791
825	89
825	115
825	150
825	352
825	578
825	615
825	728
825	801
825	850
825	864
825	927
826	465
826	496
826	753
826	763
826	765
826	844
826	873
826	912
826	916
826	941
826	1010
827	424
827	500
827	526
827	545
827	661
827	726
827	736
827	745
827	818
827	836
827	859
828	227
828	351
828	404
828	676
828	800
828	867
828	869
828	903
828	904
828	935
828	964
829	92
829	242
829	315
829	379
829	593
829	607
829	640
829	830
829	851
829	901
829	923
830	14
830	70
830	76
830	314
830	488
830	533
830	616
830	646
830	714
830	781
830	829
831	55
831	136
831	350
831	434
831	675
831	711
831	776
831	805
831	807
831	894
831	913
832	306
832	436
832	647
832	771
832	908
832	910
832	948
832	966
832	981
832	982
832	986
833	74
833	157
833	177
833	198
833	481
833	509
833	519
833	654
833	731
833	780
833	970
834	99
834	141
834	204
834	315
834	448
834	474
834	790
834	851
834	875
834	923
834	932
835	175
835	272
835	290
835	501
835	560
835	792
835	904
835	908
835	948
835	981
835	982
835	986
836	144
836	229
836	428
836	726
836	736
836	745
836	774
836	818
836	827
836	859
836	901
836	913
837	595
837	703
837	820
837	874
837	889
837	893
837	907
837	944
837	961
837	999
837	1003
837	1013
838	257
838	597
838	627
838	708
838	758
838	785
838	862
838	868
838	890
838	933
838	936
838	971
839	43
839	129
839	192
839	244
839	432
839	625
839	639
839	679
839	767
839	768
839	822
839	852
840	541
840	759
840	943
840	955
840	969
840	972
840	975
840	990
840	994
840	997
840	1006
840	1010
841	36
841	101
841	118
841	164
841	334
841	463
841	538
841	636
841	709
841	773
841	900
841	1022
842	50
842	103
842	114
842	230
842	295
842	405
842	485
842	727
842	811
842	870
842	926
842	960
843	457
843	635
843	702
843	860
843	884
843	925
843	938
843	950
843	985
843	987
843	996
843	1014
844	325
844	396
844	540
844	671
844	753
844	763
844	826
844	873
844	912
844	916
844	941
844	1014
845	69
845	340
845	551
845	559
845	701
845	710
845	789
845	799
845	816
845	868
845	938
845	944
846	261
846	451
846	598
846	731
846	758
846	785
846	862
846	877
846	890
846	933
846	940
846	971
847	716
847	743
847	761
847	806
847	885
847	887
847	902
847	957
847	963
847	989
847	992
847	995
848	736
848	909
848	931
848	956
848	980
848	983
848	998
848	1001
848	1004
848	1005
848	1009
848	1015
849	27
849	168
849	333
849	489
849	492
849	570
849	590
849	645
849	662
849	692
849	812
849	814
850	505
850	825
850	898
850	900
850	906
850	921
850	928
850	930
850	988
850	1016
850	1017
850	1018
851	474
851	727
851	740
851	764
851	817
851	829
851	834
851	875
851	901
851	918
851	932
851	939
852	43
852	129
852	158
852	192
852	244
852	625
852	639
852	679
852	767
852	768
852	822
852	839
853	596
853	821
853	898
853	906
853	921
853	928
853	930
853	988
853	1008
853	1016
853	1017
853	1018
854	39
854	52
854	183
854	283
854	558
854	713
854	739
854	778
854	798
854	815
854	880
854	934
855	59
855	86
855	302
855	581
855	609
855	652
855	896
855	905
855	915
855	947
855	953
855	959
855	1002
856	704
856	922
856	924
856	943
856	955
856	969
856	972
856	975
856	990
856	994
856	997
856	1006
856	1010
857	776
857	882
857	883
857	911
857	937
857	949
857	958
857	977
857	979
857	993
857	1007
857	1008
858	876
858	909
858	931
858	956
858	973
858	980
858	983
858	998
858	1001
858	1004
858	1005
858	1009
858	1015
859	229
859	424
859	545
859	606
859	661
859	726
859	736
859	745
859	774
859	802
859	818
859	827
859	836
860	151
860	695
860	716
860	762
860	843
860	919
860	938
860	950
860	985
860	987
860	996
860	1014
860	1020
861	239
861	578
861	703
861	779
861	787
861	820
861	889
861	907
861	944
861	961
861	999
861	1003
861	1013
862	63
862	113
862	261
862	500
862	584
862	758
862	809
862	838
862	846
862	877
862	940
862	971
862	974
863	197
863	273
863	523
863	573
863	650
863	784
863	810
863	872
863	914
863	954
863	962
863	974
863	978
864	89
864	115
864	321
864	347
864	352
864	506
864	615
864	728
864	764
864	801
864	825
864	927
864	997
865	580
865	808
865	879
865	951
865	952
865	965
865	973
865	984
865	1011
865	1020
865	1021
865	1022
866	104
866	329
866	433
866	482
866	498
866	510
866	587
866	605
866	696
866	741
866	795
866	804
866	878
867	156
867	163
867	613
867	651
867	654
867	676
867	750
867	828
867	869
867	903
867	904
867	935
867	964
867	971
868	69
868	96
868	454
868	551
868	559
868	665
868	701
868	733
868	789
868	799
868	816
868	838
868	845
868	1002
869	156
869	274
869	613
869	750
869	800
869	828
869	867
869	903
869	904
869	919
869	935
869	955
869	964
869	971
870	103
870	271
870	329
870	446
870	461
870	485
870	527
870	617
870	727
870	737
870	842
870	926
870	947
870	960
871	19
871	143
871	308
871	351
871	479
871	566
871	602
871	603
871	705
871	724
871	755
871	892
871	929
871	972
872	386
872	489
872	530
872	544
872	650
872	784
872	810
872	863
872	914
872	954
872	962
872	974
872	978
872	1022
873	130
873	396
873	496
873	671
873	699
873	753
873	763
873	765
873	826
873	844
873	912
873	916
873	941
873	992
874	455
874	608
874	670
874	717
874	718
874	730
874	837
874	884
874	925
874	938
874	985
874	987
874	996
874	1014
875	92
875	204
875	604
875	640
875	764
875	790
875	811
875	817
875	834
875	851
875	918
875	923
875	932
875	939
876	778
876	858
876	909
876	931
876	956
876	980
876	983
876	998
876	1001
876	1004
876	1005
876	1009
876	1015
877	113
877	359
877	500
877	708
877	758
877	785
877	809
877	846
877	862
877	890
877	933
877	936
877	971
877	996
878	41
878	408
878	433
878	482
878	498
878	510
878	587
878	605
878	626
878	696
878	741
878	795
878	804
878	866
879	527
879	582
879	865
879	951
879	952
879	965
879	973
879	984
879	1011
879	1020
879	1021
879	1022
880	22
880	93
880	266
880	363
880	593
880	622
880	663
880	674
880	739
880	748
880	778
880	815
880	854
880	934
881	648
881	907
881	922
881	924
881	943
881	955
881	969
881	972
881	975
881	990
881	994
881	997
881	1006
881	1010
882	142
882	857
882	883
882	911
882	937
882	949
882	958
882	977
882	979
882	993
882	1007
882	1008
883	758
883	857
883	882
883	911
883	937
883	949
883	958
883	977
883	979
883	993
883	1007
883	1008
884	151
884	249
884	319
884	565
884	569
884	574
884	695
884	717
884	843
884	874
884	925
884	938
884	996
884	1014
885	5
885	78
885	137
885	146
885	185
885	228
885	323
885	330
885	346
885	528
885	683
885	721
885	722
885	786
885	847
886	888
886	899
886	917
886	945
886	946
886	967
886	976
886	991
886	1000
886	1004
886	1009
886	1012
886	1019
886	1023
886	1024
887	187
887	513
887	747
887	783
887	794
887	802
887	806
887	847
887	891
887	897
887	902
887	989
887	992
887	995
887	1017
888	886
888	899
888	917
888	945
888	946
888	967
888	976
888	981
888	991
888	1000
888	1012
888	1019
888	1023
888	1024
889	62
889	254
889	449
889	779
889	791
889	797
889	837
889	861
889	890
889	907
889	944
889	961
889	999
889	1003
889	1013
890	387
890	445
890	523
890	597
890	725
890	756
890	809
890	838
890	846
890	877
890	889
890	933
890	936
890	940
890	971
891	327
891	747
891	761
891	783
891	802
891	803
891	887
891	897
891	902
891	931
891	957
891	963
891	989
891	992
891	995
892	19
892	104
892	308
892	351
892	448
892	479
892	566
892	602
892	603
892	705
892	724
892	755
892	871
892	929
892	963
893	146
893	595
893	620
893	779
893	781
893	797
893	813
893	820
893	837
893	907
893	944
893	961
893	999
893	1003
893	1013
894	61
894	83
894	136
894	277
894	355
894	554
894	675
894	677
894	711
894	776
894	800
894	805
894	807
894	831
894	913
895	920
895	922
895	924
895	943
895	955
895	969
895	972
895	975
895	983
895	990
895	994
895	997
895	1006
895	1010
895	1021
896	196
896	225
896	581
896	609
896	652
896	698
896	744
896	770
896	855
896	915
896	947
896	953
896	959
896	1002
896	1007
897	125
897	631
897	743
897	747
897	802
897	803
897	806
897	887
897	891
897	902
897	957
897	963
897	989
897	992
897	995
897	998
898	634
898	754
898	821
898	823
898	850
898	853
898	906
898	921
898	928
898	930
898	951
898	988
898	1012
898	1016
898	1017
898	1018
899	567
899	635
899	886
899	888
899	917
899	945
899	946
899	967
899	976
899	991
899	1000
899	1012
899	1019
899	1023
899	1024
900	685
900	754
900	769
900	810
900	821
900	823
900	841
900	850
900	906
900	921
900	928
900	930
900	988
900	1016
900	1017
900	1018
901	242
901	517
901	604
901	640
901	648
901	732
901	740
901	750
901	764
901	829
901	836
901	851
901	918
901	923
901	932
901	939
902	180
902	513
902	580
902	741
902	747
902	783
902	794
902	803
902	847
902	887
902	891
902	897
902	957
902	963
902	992
902	995
903	11
903	247
903	506
903	561
903	613
903	651
903	654
903	676
903	757
903	800
903	828
903	867
903	869
903	904
903	919
903	964
904	432
904	576
904	613
904	651
904	654
904	750
904	757
904	800
904	828
904	835
904	867
904	869
904	903
904	919
904	935
904	964
905	64
905	429
905	473
905	491
905	599
905	664
905	698
905	707
905	770
905	855
905	915
905	947
905	953
905	959
905	1002
905	1018
906	634
906	712
906	823
906	850
906	853
906	898
906	900
906	919
906	921
906	928
906	930
906	988
906	1016
906	1017
906	1018
906	1019
907	217
907	397
907	684
907	703
907	787
907	797
907	813
907	837
907	861
907	881
907	889
907	893
907	944
907	961
907	1003
907	1013
908	493
908	583
908	641
908	647
908	678
908	771
908	792
908	832
908	835
908	910
908	948
908	966
908	981
908	982
908	986
908	1002
909	848
909	858
909	876
909	931
909	956
909	970
909	980
909	983
909	992
909	998
909	1001
909	1004
909	1005
909	1009
909	1015
910	148
910	290
910	501
910	560
910	582
910	583
910	641
910	771
910	792
910	832
910	908
910	966
910	981
910	982
910	986
910	1020
911	135
911	765
911	782
911	788
911	793
911	857
911	882
911	883
911	937
911	949
911	958
911	977
911	979
911	993
911	1007
911	1008
912	90
912	124
912	299
912	465
912	496
912	539
912	540
912	671
912	699
912	753
912	765
912	826
912	844
912	873
912	916
912	941
912	974
913	61
913	83
913	136
913	277
913	355
913	434
913	554
913	675
913	677
913	711
913	776
913	805
913	807
913	831
913	836
913	894
913	920
914	65
914	100
914	197
914	464
914	489
914	495
914	541
914	548
914	650
914	784
914	863
914	872
914	954
914	957
914	962
914	974
914	1009
915	86
915	97
915	196
915	309
915	398
915	599
915	609
915	707
915	770
915	855
915	896
915	905
915	947
915	953
915	959
915	1002
915	1012
916	124
916	130
916	299
916	396
916	465
916	540
916	671
916	699
916	753
916	763
916	765
916	815
916	826
916	844
916	873
916	912
916	941
917	808
917	886
917	888
917	899
917	943
917	945
917	946
917	967
917	976
917	991
917	1000
917	1012
917	1019
917	1023
917	1024
918	99
918	291
918	593
918	604
918	607
918	640
918	648
918	732
918	790
918	817
918	851
918	875
918	901
918	923
918	932
918	967
918	990
919	11
919	163
919	264
919	274
919	576
919	613
919	676
919	750
919	757
919	800
919	860
919	869
919	903
919	904
919	906
919	935
919	964
920	895
920	913
920	922
920	924
920	943
920	955
920	961
920	969
920	972
920	975
920	990
920	994
920	997
920	1006
920	1010
921	369
921	556
921	685
921	769
921	795
921	823
921	850
921	853
921	898
921	900
921	906
921	928
921	930
921	988
921	1016
921	1017
921	1018
922	856
922	881
922	895
922	920
922	924
922	936
922	943
922	955
922	969
922	972
922	975
922	990
922	994
922	997
922	1006
922	1010
923	131
923	204
923	291
923	379
923	474
923	517
923	604
923	607
923	648
923	757
923	764
923	790
923	829
923	834
923	875
923	901
923	918
923	939
924	856
924	881
924	895
924	920
924	922
924	943
924	949
924	955
924	969
924	972
924	975
924	990
924	994
924	997
924	1006
924	1010
925	116
925	437
925	574
925	670
925	710
925	716
925	717
925	718
925	762
925	843
925	874
925	884
925	938
925	950
925	985
925	987
925	996
925	1014
926	38
926	98
926	271
926	405
926	419
926	446
926	456
926	485
926	527
926	617
926	705
926	727
926	737
926	811
926	842
926	870
926	960
926	1023
927	115
927	150
927	222
927	296
927	321
927	347
927	352
927	371
927	506
927	521
927	578
927	615
927	728
927	801
927	807
927	825
927	864
927	1022
928	85
928	505
928	577
928	754
928	769
928	821
928	823
928	850
928	853
928	898
928	900
928	906
928	921
928	930
928	988
928	1016
928	1017
928	1018
929	104
929	143
929	308
929	351
929	388
929	448
929	479
929	566
929	602
929	603
929	643
929	689
929	705
929	724
929	755
929	871
929	892
929	1013
930	634
930	712
930	754
930	769
930	821
930	823
930	850
930	853
930	898
930	900
930	906
930	921
930	928
930	952
930	988
930	1016
930	1017
930	1018
931	689
931	812
931	848
931	858
931	876
931	891
931	909
931	956
931	980
931	983
931	998
931	1001
931	1004
931	1005
931	1009
931	1015
932	128
932	131
932	141
932	155
932	315
932	340
932	517
932	607
932	648
932	740
932	790
932	817
932	834
932	851
932	875
932	901
932	918
932	939
932	999
933	224
933	359
933	376
933	451
933	535
933	572
933	584
933	619
933	708
933	785
933	809
933	838
933	846
933	877
933	890
933	936
933	940
933	971
933	999
934	22
934	39
934	152
934	363
934	558
934	564
934	622
934	663
934	674
934	713
934	734
934	739
934	748
934	778
934	798
934	815
934	854
934	880
934	945
935	163
935	247
935	264
935	343
935	404
935	432
935	576
935	651
935	654
935	750
935	757
935	800
935	802
935	828
935	867
935	869
935	904
935	919
935	964
936	208
936	376
936	387
936	421
936	451
936	572
936	584
936	619
936	627
936	629
936	708
936	785
936	809
936	838
936	877
936	890
936	922
936	933
936	971
937	667
937	782
937	788
937	793
937	823
937	857
937	882
937	883
937	911
937	949
937	958
937	977
937	979
937	993
937	1007
937	1008
938	126
938	367
938	565
938	602
938	624
938	653
938	670
938	718
938	762
938	843
938	845
938	860
938	874
938	884
938	925
938	950
938	985
938	987
938	1014
939	10
939	128
939	155
939	474
939	517
939	593
939	604
939	648
939	732
939	740
939	764
939	790
939	817
939	851
939	875
939	901
939	923
939	932
939	976
940	63
940	257
940	275
940	313
940	332
940	445
940	523
940	584
940	597
940	619
940	627
940	708
940	756
940	760
940	785
940	846
940	862
940	890
940	933
940	971
941	90
941	124
941	130
941	299
941	396
941	465
941	496
941	540
941	671
941	699
941	753
941	763
941	765
941	826
941	844
941	873
941	912
941	916
941	1016
941	1021
942	71
942	211
942	221
942	284
942	312
942	336
942	365
942	373
942	416
942	430
942	455
942	472
942	561
942	575
942	632
942	759
942	766
942	968
942	1007
942	1011
943	507
943	840
943	856
943	881
943	895
943	917
943	920
943	922
943	924
943	955
943	969
943	972
943	975
943	990
943	994
943	997
943	1006
943	1010
944	425
944	442
944	504
944	568
944	703
944	787
944	797
944	813
944	820
944	837
944	845
944	861
944	889
944	893
944	907
944	961
944	999
944	1003
944	1013
944	1015
945	521
945	886
945	888
945	899
945	917
945	934
945	946
945	967
945	976
945	991
945	1000
945	1012
945	1019
945	1023
945	1024
946	747
946	886
946	888
946	899
946	917
946	945
946	950
946	967
946	976
946	991
946	1000
946	1012
946	1019
946	1023
946	1024
947	303
947	307
947	377
947	378
947	398
947	429
947	491
947	581
947	599
947	652
947	664
947	698
947	770
947	855
947	870
947	896
947	905
947	915
947	953
947	959
947	1002
948	109
948	132
948	148
948	188
948	272
948	318
948	436
948	493
948	641
948	647
948	671
948	771
948	832
948	835
948	908
948	966
948	981
948	982
948	986
948	991
948	1023
949	381
949	439
949	515
949	672
949	715
949	782
949	788
949	793
949	857
949	882
949	883
949	911
949	924
949	937
949	958
949	977
949	979
949	993
949	1000
949	1007
949	1008
950	252
950	399
950	457
950	553
950	569
950	574
950	608
950	635
950	717
950	718
950	730
950	843
950	860
950	925
950	938
950	946
950	985
950	987
950	996
950	1011
950	1014
951	744
951	775
951	808
951	819
951	865
951	879
951	898
951	952
951	965
951	973
951	984
951	996
951	1011
951	1020
951	1021
951	1022
952	775
952	808
952	819
952	865
952	879
952	930
952	951
952	965
952	967
952	973
952	984
952	1011
952	1020
952	1021
952	1022
953	196
953	249
953	303
953	309
953	377
953	378
953	508
953	557
953	581
953	599
953	609
953	698
953	707
953	737
953	855
953	896
953	905
953	915
953	947
953	959
953	1002
954	30
954	176
954	189
954	320
954	393
954	468
954	489
954	495
954	530
954	548
954	573
954	650
954	804
954	809
954	810
954	863
954	872
954	914
954	962
954	974
954	978
955	535
955	796
955	840
955	856
955	869
955	881
955	895
955	920
955	922
955	924
955	943
955	969
955	972
955	975
955	990
955	994
955	997
955	1006
955	1010
956	203
956	456
956	627
956	777
956	812
956	848
956	858
956	876
956	909
956	931
956	980
956	983
956	998
956	1001
956	1004
956	1005
956	1009
956	1015
957	29
957	282
957	313
957	537
957	588
957	621
957	660
957	743
957	747
957	761
957	794
957	802
957	803
957	847
957	891
957	897
957	902
957	914
957	963
957	989
957	992
957	995
958	341
958	672
958	715
958	782
958	788
958	793
958	857
958	882
958	883
958	911
958	937
958	949
958	965
958	977
958	979
958	993
958	1006
958	1007
958	1008
959	48
959	59
959	225
959	303
959	328
959	378
959	473
959	491
959	508
959	550
959	652
959	676
959	707
959	770
959	855
959	896
959	905
959	915
959	947
959	953
959	1002
959	1014
960	38
960	50
960	80
960	98
960	103
960	149
960	189
960	271
960	405
960	419
960	446
960	456
960	461
960	463
960	485
960	527
960	553
960	617
960	727
960	737
960	842
960	870
960	926
961	397
961	411
961	412
961	525
961	568
961	595
961	620
961	684
961	779
961	787
961	797
961	813
961	837
961	861
961	889
961	893
961	907
961	920
961	944
961	999
961	1003
961	1013
961	1024
962	65
962	128
962	134
962	240
962	320
962	393
962	464
962	489
962	495
962	530
962	541
962	544
962	548
962	650
962	669
962	784
962	810
962	863
962	872
962	914
962	954
962	974
962	978
963	180
963	282
963	313
963	579
963	631
963	701
963	743
963	747
963	761
963	783
963	802
963	803
963	806
963	847
963	891
963	892
963	897
963	902
963	957
963	969
963	989
963	992
963	995
964	11
964	156
964	227
964	243
964	264
964	274
964	404
964	432
964	502
964	560
964	576
964	651
964	676
964	750
964	757
964	800
964	828
964	867
964	869
964	903
964	904
964	919
964	935
965	655
965	668
965	681
965	682
965	723
965	744
965	775
965	808
965	819
965	865
965	879
965	951
965	952
965	958
965	973
965	984
965	1011
965	1019
965	1020
965	1021
965	1022
966	30
966	109
966	161
966	175
966	188
966	223
966	272
966	400
966	436
966	501
966	582
966	583
966	641
966	647
966	678
966	792
966	832
966	908
966	910
966	948
966	981
966	982
966	986
967	734
967	886
967	888
967	899
967	917
967	918
967	945
967	946
967	952
967	976
967	991
967	1000
967	1012
967	1019
967	1023
967	1024
968	71
968	88
968	148
968	211
968	221
968	245
968	284
968	312
968	325
968	365
968	373
968	416
968	455
968	472
968	487
968	557
968	561
968	575
968	632
968	759
968	766
968	942
968	977
969	80
969	738
969	787
969	796
969	840
969	856
969	881
969	895
969	920
969	922
969	924
969	943
969	955
969	963
969	972
969	975
969	990
969	994
969	997
969	1006
969	1010
970	20
970	56
970	74
970	102
970	121
970	127
970	157
970	177
970	198
970	316
970	322
970	362
970	383
970	401
970	481
970	509
970	519
970	546
970	612
970	630
970	731
970	780
970	833
970	909
971	275
971	376
971	421
971	500
971	523
971	535
971	572
971	619
971	629
971	708
971	756
971	758
971	785
971	838
971	846
971	862
971	867
971	869
971	877
971	890
971	933
971	936
971	940
971	986
972	738
972	796
972	840
972	856
972	871
972	881
972	895
972	920
972	922
972	924
972	943
972	955
972	969
972	974
972	975
972	990
972	994
972	997
972	1006
972	1010
972	1018
973	609
973	637
973	638
973	655
973	668
973	681
973	682
973	723
973	744
973	775
973	808
973	819
973	858
973	865
973	879
973	951
973	952
973	965
973	984
973	1011
973	1020
973	1021
973	1022
974	51
974	100
974	273
974	320
974	386
974	464
974	468
974	495
974	530
974	541
974	544
974	548
974	573
974	650
974	784
974	810
974	862
974	863
974	872
974	912
974	914
974	954
974	962
974	972
974	978
975	658
975	669
975	738
975	796
975	817
975	840
975	856
975	881
975	895
975	920
975	922
975	924
975	943
975	955
975	969
975	972
975	990
975	994
975	997
975	1006
975	1010
975	1016
976	164
976	642
976	690
976	719
976	734
976	886
976	888
976	899
976	917
976	939
976	945
976	946
976	967
976	991
976	1000
976	1012
976	1019
976	1023
976	1024
977	68
977	361
977	423
977	439
977	440
977	507
977	515
977	547
977	672
977	715
977	782
977	788
977	793
977	803
977	857
977	882
977	883
977	911
977	937
977	949
977	958
977	968
977	979
977	993
977	1007
977	1008
978	30
978	51
978	65
978	100
978	176
978	189
978	240
978	320
978	386
978	468
978	495
978	541
978	544
978	548
978	573
978	650
978	735
978	784
978	810
978	819
978	863
978	872
978	954
978	962
978	974
978	984
979	58
979	153
979	201
979	250
979	324
979	421
979	439
979	440
979	515
979	672
979	715
979	782
979	788
979	793
979	857
979	882
979	883
979	911
979	937
979	949
979	958
979	977
979	993
979	1007
979	1008
979	1017
980	218
980	332
980	591
980	735
980	742
980	752
980	777
980	812
980	848
980	858
980	876
980	909
980	931
980	956
980	983
980	998
980	1001
980	1004
980	1005
980	1009
980	1015
981	15
981	132
981	161
981	193
981	283
981	285
981	318
981	493
981	501
981	560
981	582
981	583
981	641
981	647
981	678
981	771
981	792
981	813
981	832
981	835
981	888
981	908
981	910
981	948
981	966
981	982
981	986
981	1016
982	15
982	109
982	132
982	175
982	188
982	193
982	223
982	285
982	318
982	345
982	493
982	582
982	583
982	628
982	641
982	647
982	678
982	771
982	792
982	832
982	835
982	908
982	910
982	948
982	966
982	981
982	986
982	1002
983	1
983	704
983	735
983	742
983	752
983	777
983	812
983	848
983	858
983	876
983	895
983	909
983	931
983	956
983	980
983	998
983	1000
983	1001
983	1004
983	1005
983	1009
983	1015
984	230
984	497
984	524
984	549
984	585
984	637
984	638
984	655
984	668
984	681
984	682
984	723
984	744
984	775
984	808
984	819
984	865
984	879
984	951
984	952
984	965
984	973
984	978
984	1011
984	1019
984	1020
984	1021
984	1022
985	52
985	85
985	126
985	298
985	319
985	399
985	437
985	553
985	565
985	624
985	635
985	653
985	670
985	695
985	716
985	718
985	730
985	762
985	807
985	843
985	860
985	874
985	925
985	938
985	950
985	987
985	996
985	1014
985	1016
986	161
986	193
986	223
986	278
986	283
986	290
986	318
986	436
986	493
986	501
986	560
986	582
986	583
986	641
986	647
986	678
986	700
986	722
986	771
986	792
986	832
986	835
986	908
986	910
986	948
986	966
986	971
986	981
986	982
987	44
987	84
987	126
987	141
987	195
987	298
987	358
987	370
987	430
987	450
987	565
987	569
987	608
987	624
987	653
987	670
987	716
987	717
987	730
987	740
987	843
987	860
987	874
987	925
987	938
987	950
987	985
987	996
987	1014
988	200
988	357
988	490
988	499
988	503
988	546
988	556
988	563
988	596
988	634
988	685
988	712
988	743
988	754
988	769
988	816
988	821
988	823
988	850
988	853
988	898
988	900
988	906
988	921
988	928
988	930
988	994
988	1016
988	1017
988	1018
989	34
989	95
989	159
989	180
989	187
989	327
989	490
989	513
989	579
989	580
989	588
989	631
989	637
989	660
989	743
989	747
989	761
989	783
989	794
989	802
989	803
989	806
989	847
989	887
989	891
989	897
989	957
989	963
989	992
989	995
990	212
990	233
990	337
990	353
990	389
990	447
990	529
990	532
990	658
990	669
990	738
990	796
990	840
990	856
990	881
990	895
990	918
990	920
990	922
990	924
990	943
990	955
990	969
990	972
990	975
990	994
990	997
990	1006
990	1008
990	1010
991	522
991	594
991	600
991	611
991	642
991	688
991	690
991	719
991	725
991	734
991	886
991	888
991	899
991	917
991	945
991	946
991	948
991	967
991	976
991	1000
991	1012
991	1018
991	1019
991	1023
991	1024
992	29
992	34
992	125
992	159
992	282
992	327
992	513
992	537
992	579
992	580
992	588
992	660
992	743
992	761
992	783
992	794
992	802
992	803
992	806
992	847
992	873
992	887
992	891
992	897
992	902
992	909
992	957
992	963
992	989
992	995
992	1000
993	8
993	53
993	108
993	199
993	250
993	361
993	362
993	423
993	440
993	507
993	508
993	515
993	547
993	672
993	715
993	782
993	788
993	793
993	857
993	882
993	883
993	911
993	937
993	949
993	958
993	977
993	979
993	997
993	1007
993	1008
993	1022
994	32
994	154
994	224
994	233
994	265
994	335
994	522
994	529
994	532
994	658
994	669
994	738
994	796
994	840
994	856
994	881
994	895
994	920
994	922
994	924
994	943
994	955
994	969
994	972
994	975
994	988
994	990
994	997
994	1006
994	1010
994	1011
995	34
995	51
995	123
995	125
995	187
995	313
995	327
995	533
995	537
995	579
995	580
995	588
995	631
995	660
995	743
995	747
995	761
995	783
995	790
995	794
995	802
995	803
995	806
995	847
995	887
995	891
995	897
995	902
995	957
995	963
995	989
995	992
996	84
996	208
996	252
996	319
996	358
996	367
996	370
996	399
996	437
996	450
996	569
996	574
996	608
996	624
996	635
996	653
996	695
996	697
996	716
996	718
996	843
996	860
996	874
996	877
996	884
996	925
996	950
996	951
996	985
996	987
996	1003
996	1014
997	97
997	184
997	214
997	335
997	353
997	371
997	389
997	522
997	529
997	532
997	658
997	669
997	738
997	796
997	840
997	856
997	864
997	881
997	895
997	920
997	922
997	924
997	943
997	955
997	969
997	972
997	975
997	990
997	993
997	994
997	1006
997	1010
998	6
998	57
998	477
998	614
998	643
998	667
998	686
998	704
998	735
998	742
998	752
998	777
998	812
998	848
998	858
998	876
998	897
998	909
998	931
998	956
998	980
998	983
998	1001
998	1004
998	1005
998	1009
998	1015
998	1023
999	12
999	216
999	254
999	263
999	372
999	397
999	409
999	411
999	425
999	442
999	504
999	525
999	568
999	595
999	620
999	684
999	703
999	779
999	787
999	797
999	813
999	814
999	820
999	837
999	861
999	889
999	893
999	932
999	933
999	944
999	961
999	1003
999	1013
1000	471
1000	476
1000	544
1000	594
1000	600
1000	611
1000	618
1000	626
1000	642
1000	688
1000	690
1000	719
1000	725
1000	734
1000	886
1000	888
1000	899
1000	917
1000	945
1000	946
1000	949
1000	967
1000	976
1000	983
1000	991
1000	992
1000	1012
1000	1019
1000	1023
1000	1024
1001	23
1001	47
1001	105
1001	174
1001	374
1001	406
1001	477
1001	514
1001	577
1001	614
1001	643
1001	667
1001	686
1001	687
1001	704
1001	735
1001	742
1001	752
1001	777
1001	812
1001	848
1001	858
1001	876
1001	909
1001	931
1001	956
1001	980
1001	983
1001	998
1001	1004
1001	1005
1001	1009
1001	1015
1002	59
1002	86
1002	225
1002	249
1002	281
1002	309
1002	328
1002	377
1002	378
1002	398
1002	429
1002	473
1002	491
1002	508
1002	550
1002	581
1002	599
1002	609
1002	652
1002	664
1002	698
1002	707
1002	770
1002	855
1002	868
1002	896
1002	905
1002	908
1002	915
1002	947
1002	953
1002	959
1002	982
1003	62
1003	210
1003	215
1003	217
1003	236
1003	239
1003	251
1003	263
1003	409
1003	411
1003	449
1003	460
1003	504
1003	525
1003	568
1003	595
1003	620
1003	684
1003	703
1003	779
1003	787
1003	797
1003	813
1003	820
1003	837
1003	861
1003	889
1003	893
1003	907
1003	944
1003	961
1003	996
1003	999
1003	1013
1004	57
1004	174
1004	241
1004	267
1004	337
1004	392
1004	406
1004	473
1004	477
1004	614
1004	643
1004	667
1004	686
1004	687
1004	704
1004	735
1004	742
1004	752
1004	777
1004	812
1004	848
1004	858
1004	876
1004	886
1004	909
1004	931
1004	956
1004	980
1004	983
1004	998
1004	1001
1004	1005
1004	1009
1004	1015
1005	23
1005	66
1005	105
1005	145
1005	238
1005	392
1005	406
1005	443
1005	461
1005	477
1005	643
1005	667
1005	686
1005	687
1005	704
1005	735
1005	742
1005	752
1005	775
1005	777
1005	812
1005	848
1005	858
1005	876
1005	909
1005	931
1005	956
1005	980
1005	983
1005	998
1005	1001
1005	1004
1005	1007
1005	1009
1005	1015
1006	139
1006	154
1006	158
1006	212
1006	214
1006	265
1006	353
1006	371
1006	389
1006	447
1006	522
1006	532
1006	615
1006	658
1006	669
1006	738
1006	796
1006	840
1006	856
1006	881
1006	895
1006	920
1006	922
1006	924
1006	943
1006	955
1006	958
1006	969
1006	972
1006	975
1006	990
1006	994
1006	997
1006	1010
1006	1017
1007	8
1007	53
1007	58
1007	108
1007	166
1007	199
1007	256
1007	324
1007	361
1007	362
1007	381
1007	423
1007	439
1007	507
1007	515
1007	547
1007	659
1007	672
1007	715
1007	782
1007	788
1007	793
1007	857
1007	882
1007	883
1007	896
1007	911
1007	937
1007	942
1007	949
1007	958
1007	977
1007	979
1007	993
1007	1005
1007	1008
1008	8
1008	53
1008	58
1008	68
1008	108
1008	129
1008	153
1008	166
1008	199
1008	209
1008	250
1008	256
1008	324
1008	361
1008	362
1008	381
1008	423
1008	440
1008	507
1008	547
1008	672
1008	715
1008	782
1008	788
1008	793
1008	853
1008	857
1008	882
1008	883
1008	911
1008	937
1008	949
1008	958
1008	977
1008	979
1008	990
1008	993
1008	1007
1009	47
1009	55
1009	64
1009	145
1009	209
1009	238
1009	267
1009	337
1009	392
1009	443
1009	477
1009	587
1009	614
1009	643
1009	667
1009	686
1009	687
1009	704
1009	735
1009	742
1009	752
1009	777
1009	812
1009	848
1009	858
1009	876
1009	886
1009	909
1009	914
1009	931
1009	956
1009	980
1009	983
1009	998
1009	1001
1009	1004
1009	1005
1009	1015
1009	1024
1010	12
1010	97
1010	139
1010	151
1010	154
1010	158
1010	212
1010	214
1010	224
1010	233
1010	265
1010	335
1010	353
1010	371
1010	389
1010	447
1010	522
1010	529
1010	532
1010	658
1010	669
1010	738
1010	796
1010	799
1010	826
1010	840
1010	856
1010	881
1010	895
1010	920
1010	922
1010	924
1010	943
1010	955
1010	969
1010	972
1010	975
1010	990
1010	994
1010	997
1010	1006
1011	420
1011	426
1011	453
1011	459
1011	497
1011	524
1011	549
1011	552
1011	584
1011	585
1011	637
1011	638
1011	655
1011	668
1011	681
1011	682
1011	723
1011	744
1011	775
1011	808
1011	819
1011	865
1011	879
1011	942
1011	950
1011	951
1011	952
1011	965
1011	973
1011	984
1011	994
1011	1020
1011	1021
1011	1022
1012	349
1012	384
1012	402
1012	471
1012	476
1012	482
1012	594
1012	600
1012	611
1012	618
1012	626
1012	642
1012	688
1012	690
1012	719
1012	725
1012	733
1012	734
1012	886
1012	888
1012	898
1012	899
1012	915
1012	917
1012	945
1012	946
1012	967
1012	976
1012	991
1012	1000
1012	1019
1012	1023
1012	1024
1013	12
1013	62
1013	215
1013	216
1013	217
1013	236
1013	239
1013	251
1013	254
1013	263
1013	372
1013	397
1013	405
1013	409
1013	411
1013	425
1013	442
1013	449
1013	460
1013	478
1013	504
1013	525
1013	568
1013	595
1013	607
1013	620
1013	684
1013	703
1013	779
1013	787
1013	797
1013	813
1013	820
1013	837
1013	861
1013	889
1013	893
1013	907
1013	929
1013	944
1013	961
1013	999
1013	1003
1014	44
1014	52
1014	84
1014	85
1014	208
1014	252
1014	256
1014	298
1014	319
1014	358
1014	367
1014	370
1014	399
1014	437
1014	450
1014	457
1014	553
1014	565
1014	569
1014	570
1014	574
1014	608
1014	624
1014	635
1014	653
1014	670
1014	695
1014	716
1014	717
1014	718
1014	730
1014	762
1014	843
1014	844
1014	860
1014	874
1014	884
1014	925
1014	938
1014	950
1014	959
1014	985
1014	987
1014	996
1015	23
1015	47
1015	55
1015	57
1015	64
1015	66
1015	105
1015	145
1015	174
1015	209
1015	238
1015	267
1015	337
1015	392
1015	406
1015	443
1015	504
1015	614
1015	638
1015	643
1015	667
1015	686
1015	687
1015	704
1015	735
1015	742
1015	752
1015	777
1015	812
1015	848
1015	858
1015	876
1015	909
1015	931
1015	944
1015	956
1015	980
1015	983
1015	998
1015	1001
1015	1004
1015	1005
1015	1009
1015	1019
1016	3
1016	33
1016	79
1016	120
1016	147
1016	219
1016	241
1016	269
1016	288
1016	302
1016	357
1016	400
1016	467
1016	490
1016	499
1016	503
1016	505
1016	546
1016	556
1016	563
1016	564
1016	577
1016	596
1016	634
1016	685
1016	712
1016	754
1016	769
1016	821
1016	823
1016	850
1016	853
1016	898
1016	900
1016	906
1016	921
1016	928
1016	930
1016	941
1016	975
1016	981
1016	985
1016	988
1016	1017
1016	1018
1017	3
1017	33
1017	79
1017	120
1017	147
1017	200
1017	201
1017	219
1017	241
1017	269
1017	288
1017	357
1017	400
1017	457
1017	467
1017	490
1017	499
1017	503
1017	505
1017	546
1017	556
1017	563
1017	577
1017	596
1017	634
1017	685
1017	712
1017	754
1017	769
1017	821
1017	823
1017	850
1017	853
1017	887
1017	898
1017	900
1017	906
1017	921
1017	928
1017	930
1017	979
1017	988
1017	1006
1017	1016
1017	1018
1018	3
1018	33
1018	79
1018	120
1018	147
1018	200
1018	201
1018	219
1018	269
1018	288
1018	302
1018	357
1018	400
1018	467
1018	490
1018	499
1018	503
1018	505
1018	546
1018	556
1018	563
1018	577
1018	596
1018	634
1018	685
1018	712
1018	715
1018	754
1018	769
1018	821
1018	823
1018	850
1018	853
1018	898
1018	900
1018	905
1018	906
1018	921
1018	928
1018	930
1018	972
1018	988
1018	991
1018	1016
1018	1017
1019	4
1019	13
1019	72
1019	73
1019	75
1019	106
1019	110
1019	112
1019	260
1019	349
1019	375
1019	384
1019	402
1019	471
1019	476
1019	594
1019	600
1019	611
1019	618
1019	626
1019	642
1019	688
1019	690
1019	719
1019	725
1019	734
1019	886
1019	888
1019	899
1019	906
1019	917
1019	945
1019	946
1019	965
1019	967
1019	976
1019	984
1019	991
1019	1000
1019	1012
1019	1015
1019	1023
1019	1024
1020	133
1020	171
1020	186
1020	205
1020	226
1020	235
1020	246
1020	253
1020	335
1020	339
1020	343
1020	367
1020	420
1020	426
1020	438
1020	453
1020	459
1020	497
1020	524
1020	549
1020	552
1020	585
1020	637
1020	638
1020	655
1020	668
1020	681
1020	682
1020	723
1020	731
1020	744
1020	775
1020	808
1020	819
1020	860
1020	865
1020	879
1020	910
1020	951
1020	952
1020	965
1020	973
1020	984
1020	1011
1020	1021
1020	1022
1021	31
1021	123
1021	133
1021	171
1021	186
1021	226
1021	235
1021	246
1021	253
1021	339
1021	343
1021	420
1021	426
1021	438
1021	453
1021	459
1021	497
1021	524
1021	549
1021	552
1021	585
1021	614
1021	637
1021	638
1021	655
1021	668
1021	678
1021	681
1021	682
1021	717
1021	723
1021	744
1021	775
1021	808
1021	819
1021	865
1021	879
1021	895
1021	941
1021	951
1021	952
1021	965
1021	973
1021	984
1021	1011
1021	1020
1021	1022
1022	31
1022	123
1022	133
1022	171
1022	186
1022	205
1022	226
1022	235
1022	246
1022	253
1022	339
1022	343
1022	420
1022	426
1022	438
1022	453
1022	459
1022	497
1022	524
1022	549
1022	552
1022	585
1022	637
1022	638
1022	646
1022	655
1022	668
1022	681
1022	682
1022	723
1022	744
1022	775
1022	808
1022	819
1022	841
1022	865
1022	872
1022	879
1022	927
1022	951
1022	952
1022	965
1022	973
1022	984
1022	993
1022	1011
1022	1020
1022	1021
1023	4
1023	13
1023	72
1023	73
1023	75
1023	106
1023	110
1023	134
1023	138
1023	142
1023	195
1023	210
1023	260
1023	287
1023	349
1023	375
1023	384
1023	402
1023	471
1023	476
1023	540
1023	594
1023	600
1023	611
1023	618
1023	626
1023	642
1023	687
1023	688
1023	690
1023	719
1023	725
1023	734
1023	886
1023	888
1023	899
1023	917
1023	926
1023	945
1023	946
1023	948
1023	967
1023	976
1023	991
1023	998
1023	1000
1023	1012
1023	1019
1023	1024
1024	4
1024	13
1024	31
1024	72
1024	73
1024	75
1024	106
1024	110
1024	134
1024	138
1024	142
1024	195
1024	210
1024	260
1024	287
1024	349
1024	375
1024	384
1024	402
1024	471
1024	476
1024	547
1024	594
1024	600
1024	611
1024	618
1024	626
1024	631
1024	642
1024	688
1024	690
1024	719
1024	725
1024	734
1024	886
1024	888
1024	899
1024	917
1024	945
1024	946
1024	961
1024	967
1024	976
1024	991
1024	1000
1024	1009
1024	1012
1024	1019
1024	1023
