8.03125
7.72266
7.96289
7.875
7.9668
7.83203
7.95117
7.81641
7.67578
7.71875
8.11328
7.68555
7.92383
7.84961
8.2168
8.05664
7.60352
8.24414
7.99414
7.89844
7.82227
8.01758
7.58594
8.125
7.7207
8.12891
7.97461
7.7832
7.70508
7.98828
8.09961
7.77734
7.73047
7.5
7.9043
8.06836
8.32031
8.01367
8.14258
8.32227
7.88867
8.38867
7.91211
8.05664
7.70508
7.70508
7.66797
7.66797
7.93164
8.39844
7.50586
7.81641
7.97656
7.83398
7.82227
7.90625
7.41797
7.4043
7.90039
7.67383
8.13086
7.92969
8.07812
8.23828
7.91211
7.87695
7.88281
8.05664
7.92578
8.05078
8.03516
7.68164
7.87305
8.14844
8.03906
8.19531
7.81641
7.62695
7.70117
8.05469
7.61914
7.65234
8.09766
7.89453
7.7793
7.96875
8.03906
7.88086
7.91797
7.78516
7.83594
7.75
7.25195
7.82031
7.55469
7.91992
7.95898
7.64258
7.91992
7.93555
7.87109
7.77539
7.89258
8.16992
7.85156
7.97461
7.47461
7.56445
7.96875
7.95898
8.32031
7.84961
7.94336
8.25
7.94922
8.00391
7.82227
7.77539
7.81836
7.98242
8.22266
7.85742
7.95312
7.97461
8.10352
7.76367
7.7793
8.06641
7.79883
7.87305
7.75
7.80078
7.91797
7.82617
7.98633
7.79297
7.67578
7.31836
8.30664
8.14453
8.08203
7.63477
8.35938
7.73633
7.93555
7.625
7.71875
8.12305
8.00586
7.97852
7.77148
7.87305
7.95898
7.76758
7.6875
7.73438
8.16602
7.51953
7.88086
7.82617
8.0293
7.5625
7.55664
7.77734
8.16602
8.40625
8.20508
7.78516
7.54102
7.60352
7.84766
7.68555
7.9043
8.09375
7.85352
7.43164
7.65234
7.83008
7.85938
8.08008
8.16211
8.22266
7.6543
7.66211
7.98828
7.70703
7.95898
7.43945
7.9668
8.00781
7.73438
7.85156
7.8418
7.56641
8.03516
8.19336
7.91797
8.13281
8.27148
7.74219
8.04297
8.04688
7.88672
8.01367
7.61133
7.72852
7.72656
8.03711
7.99805
7.49023
7.9043
7.60547
7.69922
8.03125
7.84375
7.89453
7.64648
7.83984
7.86523
7.80273
7.39062
7.96484
7.81055
7.7793
7.80469
7.84375
8.26367
7.94727
8.0918
7.63867
7.80273
7.80859
7.88867
8.13477
7.86719
8.15039
8.33594
8.17578
7.92188
7.6543
8.02539
7.71484
7.70117
7.60156
7.87305
7.68555
8.06836
8.10156
8.0332
7.81055
7.78125
7.58398
8.04102
7.74219
7.74805
7.61328
7.41016
7.70508
7.92578
8.3418
7.83594
7.82617
7.84961
7.63672
8.03125
7.92773
8.18164
8.05273
8.00586
7.71484
8.39258
7.72266
7.99219
7.85156
8.08203
7.54492
7.41992
7.77148
7.75977
7.74023
7.50391
7.75
7.89258
7.74023
7.9082
7.54688
7.63477
7.95703
7.61523
7.55859
7.70117
7.82812
8.04688
8.04688
7.50586
7.78516
7.60547
7.79297
7.5625
7.64258
7.70898
8.01758
7.64648
8.00586
8.11133
8.09375
8.29492
8.00977
7.56445
7.80469
7.875
7.76758
7.63672
8.01367
8.10742
8.09961
7.60742
7.91016
7.72656
7.82227
7.9707
7.7207
7.94727
7.79883
7.3457
7.94922
7.98047
7.88672
7.2793
8.00781
7.57031
7.55664
7.83008
7.46094
8.01172
7.82227
7.46875
7.69922
7.79102
7.63672
7.91602
7.71484
7.58203
7.79492
7.77539
7.89844
7.80664
7.66602
7.75195
8.0332
7.94727
7.43359
7.81836
7.73242
7.45898
8.08789
8.06641
7.60938
7.61328
8.05273
7.99219
8.08398
7.89648
8.03906
7.95117
7.86719
7.94727
8.33594
7.99219
8.36523
8
7.74805
7.64062
7.75781
8.17969
7.85352
7.89062
7.61719
7.54492
7.54297
7.91211
7.62109
7.61914
7.99609
7.96289
7.56836
7.64453
8.16016
7.75391
7.82812
7.62695
7.84766
7.88281
7.83203
7.74414
7.50586
7.88672
8.37305
8.19922
7.69922
7.66211
7.94531
7.38281
7.72266
7.9043
7.50977
8.00781
7.74023
7.80469
7.89258
7.83984
7.80273
7.91797
7.93359
7.77539
7.9375
7.44336
7.88281
7.9668
7.64062
8.2207
7.86914
7.42969
7.7793
7.67773
7.80273
7.92578
7.50977
8.0332
7.63281
7.59961
7.85938
7.82812
8.09375
7.75781
8.08984
7.60742
8.04688
8.23242
7.51953
7.67969
7.78906
7.59961
7.84766
7.88477
7.74805
7.77539
7.83594
7.57617
8.08984
7.56836
7.68555
8.14648
7.72266
7.99023
7.58008
7.74609
7.31445
7.69141
8.00781
7.85352
7.70703
7.61914
7.76367
7.73438
7.72852
7.85156
7.72656
8.25
8.04297
7.80273
7.73438
7.50391
7.91602
7.75977
7.93164
7.94531
8.17578
7.91992
7.26172
7.94922
7.42773
7.73438
7.75
7.89844
8.06055
8.06836
7.48438
7.66211
8.0957
7.94727
8.05859
8.00781
7.80859
7.9043
7.60547
7.95117
7.8457
7.6582
7.69922
8.13281
7.4043
7.86523
8.00977
7.75195
7.8418
8.01953
7.83984
7.75781
7.94727
8.19141
7.93164
7.69336
7.85547
7.88086
7.97656
8.08594
8.28125
8.16992
7.86328
8.12891
7.8457
7.81641
8.14648
7.99805
8.09375
7.60938
8.17188
7.57617
7.66992
7.62109
7.32812
7.81836
7.53516
7.79297
8.12305
7.69922
7.91602
7.47266
7.89844
8.01172
8.16602
7.79102
7.5957
7.82227
7.5625
7.77539
8.1543
8.21094
7.72656
7.51172
7.7168
8.56055
7.7832
7.9668
8.05859
7.81055
7.65625
8.18555
8.00195
7.73242
7.375
7.92188
7.44727
7.92773
7.60547
8.33203
7.42773
7.96094
7.79883
7.49023
7.99609
7.72852
8.32227
7.93164
7.87695
7.4668
8.06445
7.84375
7.75977
7.70703
7.59961
7.79297
8.11914
7.4668
7.4668
7.71094
7.60742
7.25781
7.89062
8.07422
8.12891
7.75391
7.69727
7.64844
7.64844
7.96289
7.8457
7.7832
7.58594
8.00586
7.92188
7.79297
7.36719
8.04102
8.07422
7.68359
8.0293
7.98828
7.96094
7.93945
7.92969
7.68164
7.42969
8.03906
7.82812
8.04297
7.74805
7.74805
7.88867
8.38672
7.83594
7.68945
7.92773
7.71484
7.58984
7.9043
7.9375
7.84961
7.55859
7.70703
7.77539
7.88672
7.96289
8.13086
7.62305
7.86133
7.82422
7.69531
7.91211
7.64648
7.5625
7.57617
7.68555
8.14648
7.99609
7.94922
7.84961
8.00977
7.8125
8.00781
7.68359
8.0293
7.74805
8.26367
7.91797
8.04492
7.87305
7.67969
7.62891
7.63672
7.63867
7.78711
7.99805
7.79688
7.88867
7.95312
7.23438
7.63867
7.61719
7.39648
8.20898
8.38281
7.90234
8.35156
8.08789
7.75781
8.23438
8.07031
7.97461
7.45312
8.05273
7.96289
7.89258
7.99219
8.09766
7.71289
7.88672
7.48242
8.27539
7.99023
7.47266
7.9082
8.02539
8.03125
7.66992
7.48438
7.59961
7.98828
8
8.22266
7.98047
7.62695
7.5625
7.88281
7.7832
7.98047
7.58789
7.97852
7.57227
8.10742
7.71875
7.91602
7.73828
7.95312
7.7207
7.6875
7.89453
7.35547
7.53125
7.85156
7.63867
7.66797
7.48633
7.29492
7.73828
7.80273
7.90625
7.65039
7.61133
7.80469
7.85156
7.68359
8.37305
8.125
7.95117
8
8.19727
7.78516
7.93945
8.08203
7.79883
8.07031
8.01367
7.55859
7.88867
7.64062
8.39844
7.54688
7.87109
8.05078
7.92578
7.24414
7.79492
7.58398
8.3418
7.19531
7.74609
8.48047
7.61133
7.53711
7.95117
7.67773
7.74219
7.57227
7.63477
7.93555
7.49609
8.01953
7.77539
7.66797
7.97656
8.10938
7.69531
8.01953
8.03125
7.82617
7.64453
8.02148
7.89844
8.12891
8.04102
7.88281
7.875
7.92578
8.08594
7.92383
7.46875
7.58203
7.92773
8.24023
8.04688
7.88477
8.24414
7.89062
7.48047
7.91211
8.06055
7.77734
7.89648
7.73828
7.91992
8.14258
7.63281
7.81445
7.64844
8.20312
7.80859
7.84766
7.49414
8.06445
7.67969
7.65234
7.83789
7.94336
7.85352
7.89258
8.0332
7.79492
7.93555
7.95898
7.77344
7.92188
7.92578
7.53906
7.90234
7.83984
8.10156
7.94141
7.60156
7.45508
7.82617
7.83398
7.81445
7.84766
8.29297
8.04688
7.70508
8.23047
7.86523
7.61328
7.67383
7.56445
8.25586
7.88086
7.90625
7.62109
7.73047
7.6543
7.54492
7.87695
7.71875
7.65039
7.4375
7.74219
7.4082
7.92383
7.6875
7.57227
8.0957
7.83789
7.39062
7.78125
8.03125
7.5625
7.66211
8.01367
7.85352
7.67188
7.83398
8.27734
7.64258
7.55664
7.80078
7.94727
7.95508
8.13867
8.01367
8.34375
7.69336
7.43164
7.66211
7.7207
7.55859
7.9707
7.94531
7.76562
7.43164
7.63672
7.39062
7.92188
7.69727
7.96289
7.92578
7.91211
7.69531
7.79102
7.93164
8.2207
8.09961
7.73633
7.96875
7.8457
7.74609
8.18945
7.88867
8.09961
7.77734
7.84961
7.81836
7.93945
7.70703
7.92578
7.40234
7.83203
7.74805
8.04297
7.88281
7.92969
8.08594
7.91406
8.07422
8.00977
8.08984
7.70117
7.73438
7.65625
7.35547
7.39844
8.08203
7.94336
7.60352
7.82227
7.66406
7.92578
7.70703
7.75195
7.49805
7.62109
7.6582
7.9707
7.55859
7.47266
7.99023
7.82422
8.16602
7.92969
7.38086
7.76953
8.11328
7.86133
7.4082
8
7.91602
7.74609
7.93164
7.91797
8.38086
7.66602
7.78516
8.1875
7.80469
7.81641
7.86133
8.00391
7.98242
7.48828
7.9043
7.92773
8.12695
7.85352
7.43945
8.00977
7.51758
8.11133
7.875
7.94922
7.55664
7.64648
7.57812
8.07617
7.80469
7.82031
7.92188
7.83594
7.96289
7.93945
8.20898
7.90625
8.16016
7.73633
8.14062
8.25
7.95898
7.84961
7.85742
8.0293
8.08789
8.15039
7.9668
